Combined Expert Risk Rank / up_proj

+--------+--------+--------+--------------+-------------+-------------+--------------+-------------+-------------+
| model  | expert | layers | mean_sig_col | max_sig_col | sig_col_inc | mean_sig_row | max_sig_row | sig_row_inc |
+--------+--------+--------+--------------+-------------+-------------+--------------+-------------+-------------+
| ckpt_2 | 30     | 24     | 0.0014       | 0.0093      | 0.8750      | 0.0000       | 0.0000      | 0.0000      |
| ckpt_2 | 24     | 24     | 0.0012       | 0.0073      | 0.9167      | 0.0000       | 0.0000      | 0.0000      |
| ckpt_2 | 14     | 24     | 0.0012       | 0.0083      | 0.8750      | 0.0000       | 0.0000      | 0.0000      |
| ckpt_2 | 25     | 24     | 0.0012       | 0.0044      | 0.8750      | 0.0000       | 0.0000      | 0.0000      |
| ckpt_2 | 11     | 24     | 0.0012       | 0.0063      | 0.8333      | 0.0000       | 0.0000      | 0.0000      |
| ckpt_2 | 45     | 24     | 0.0012       | 0.0054      | 0.7917      | 0.0028       | 0.0675      | 0.0417      |
| ckpt_2 | 44     | 24     | 0.0012       | 0.0039      | 0.9583      | 0.0000       | 0.0000      | 0.0000      |
| ckpt_2 | 53     | 24     | 0.0012       | 0.0054      | 0.8750      | 0.0000       | 0.0000      | 0.0000      |
| ckpt_2 | 49     | 24     | 0.0012       | 0.0034      | 0.8333      | 0.0000       | 0.0000      | 0.0000      |
| ckpt_2 | 46     | 24     | 0.0011       | 0.0044      | 0.9167      | 0.0000       | 0.0000      | 0.0000      |
| ckpt_2 | 0      | 24     | 0.0011       | 0.0044      | 0.8333      | 0.0000       | 0.0000      | 0.0000      |
| ckpt_2 | 8      | 24     | 0.0011       | 0.0034      | 0.9583      | 0.0000       | 0.0000      | 0.0000      |
| ckpt_2 | 13     | 24     | 0.0011       | 0.0034      | 0.9167      | 0.0000       | 0.0000      | 0.0000      |
| ckpt_2 | 12     | 24     | 0.0011       | 0.0029      | 0.9167      | 0.0000       | 0.0000      | 0.0000      |
| ckpt_2 | 52     | 24     | 0.0011       | 0.0039      | 0.8750      | 0.0000       | 0.0000      | 0.0000      |
| ckpt_2 | 55     | 24     | 0.0011       | 0.0039      | 0.8333      | 0.0000       | 0.0000      | 0.0000      |
| ckpt_2 | 23     | 24     | 0.0011       | 0.0054      | 0.9167      | 0.0000       | 0.0000      | 0.0000      |
| ckpt_2 | 42     | 24     | 0.0011       | 0.0049      | 0.8333      | 0.0000       | 0.0000      | 0.0000      |
| ckpt_2 | 7      | 24     | 0.0011       | 0.0039      | 0.9167      | 0.0000       | 0.0000      | 0.0000      |
| ckpt_2 | 5      | 24     | 0.0011       | 0.0034      | 0.9167      | 0.0000       | 0.0000      | 0.0000      |
| ckpt_2 | 59     | 24     | 0.0011       | 0.0049      | 0.9167      | 0.0000       | 0.0000      | 0.0000      |
| ckpt_2 | 34     | 24     | 0.0011       | 0.0044      | 0.9167      | 0.0000       | 0.0000      | 0.0000      |
| ckpt_2 | 22     | 24     | 0.0011       | 0.0044      | 0.8333      | 0.0000       | 0.0000      | 0.0000      |
| ckpt_2 | 19     | 24     | 0.0011       | 0.0044      | 0.9167      | 0.0000       | 0.0000      | 0.0000      |
| ckpt_2 | 17     | 24     | 0.0011       | 0.0039      | 0.8750      | 0.0000       | 0.0000      | 0.0000      |
| ckpt_2 | 31     | 24     | 0.0011       | 0.0039      | 0.8750      | 0.0000       | 0.0000      | 0.0000      |
| ckpt_2 | 3      | 24     | 0.0011       | 0.0034      | 0.8333      | 0.0000       | 0.0000      | 0.0000      |
| ckpt_2 | 36     | 24     | 0.0010       | 0.0044      | 0.7917      | 0.0000       | 0.0000      | 0.0000      |
| ckpt_2 | 9      | 24     | 0.0010       | 0.0039      | 0.9167      | 0.0000       | 0.0000      | 0.0000      |
| ckpt_2 | 35     | 24     | 0.0010       | 0.0039      | 0.8750      | 0.0000       | 0.0000      | 0.0000      |
| ckpt_2 | 21     | 24     | 0.0010       | 0.0063      | 0.7500      | 0.0000       | 0.0000      | 0.0000      |
| ckpt_2 | 18     | 24     | 0.0010       | 0.0049      | 0.8750      | 0.0000       | 0.0000      | 0.0000      |
| ckpt_2 | 56     | 24     | 0.0010       | 0.0039      | 0.8750      | 0.0000       | 0.0000      | 0.0000      |
| ckpt_2 | 41     | 24     | 0.0010       | 0.0039      | 0.7917      | 0.0000       | 0.0000      | 0.0000      |
| ckpt_2 | 15     | 24     | 0.0010       | 0.0034      | 0.8750      | 0.0000       | 0.0000      | 0.0000      |
| ckpt_2 | 47     | 24     | 0.0010       | 0.0029      | 0.9167      | 0.0000       | 0.0000      | 0.0000      |
| ckpt_2 | 20     | 24     | 0.0010       | 0.0039      | 0.8750      | 0.0000       | 0.0000      | 0.0000      |
| ckpt_2 | 28     | 24     | 0.0010       | 0.0039      | 0.8750      | 0.0000       | 0.0000      | 0.0000      |
| ckpt_2 | 4      | 24     | 0.0010       | 0.0034      | 0.8750      | 0.0000       | 0.0000      | 0.0000      |
| ckpt_2 | 6      | 24     | 0.0010       | 0.0029      | 0.8750      | 0.0000       | 0.0000      | 0.0000      |
| ckpt_2 | 43     | 24     | 0.0010       | 0.0029      | 0.7917      | 0.0017       | 0.0419      | 0.0417      |
| ckpt_2 | 33     | 24     | 0.0010       | 0.0049      | 0.9583      | 0.0000       | 0.0000      | 0.0000      |
| ckpt_2 | 50     | 24     | 0.0010       | 0.0039      | 0.8750      | 0.0000       | 0.0000      | 0.0000      |
| ckpt_2 | 32     | 24     | 0.0010       | 0.0039      | 0.8333      | 0.0000       | 0.0000      | 0.0000      |
| ckpt_2 | 48     | 24     | 0.0010       | 0.0034      | 0.8750      | 0.0000       | 0.0000      | 0.0000      |
| ckpt_2 | 54     | 24     | 0.0010       | 0.0034      | 0.8750      | 0.0000       | 0.0000      | 0.0000      |
| ckpt_2 | 2      | 24     | 0.0010       | 0.0039      | 0.8750      | 0.0000       | 0.0000      | 0.0000      |
| ckpt_2 | 1      | 24     | 0.0010       | 0.0039      | 0.8333      | 0.0000       | 0.0000      | 0.0000      |
| ckpt_2 | 40     | 24     | 0.0010       | 0.0039      | 0.7917      | 0.0000       | 0.0000      | 0.0000      |
| ckpt_2 | 58     | 24     | 0.0010       | 0.0034      | 0.8333      | 0.0000       | 0.0000      | 0.0000      |
| ckpt_2 | 16     | 24     | 0.0010       | 0.0029      | 0.8333      | 0.0000       | 0.0000      | 0.0000      |
| ckpt_2 | 39     | 24     | 0.0010       | 0.0029      | 0.8333      | 0.0000       | 0.0000      | 0.0000      |
| ckpt_2 | 51     | 24     | 0.0010       | 0.0024      | 0.8333      | 0.0000       | 0.0000      | 0.0000      |
| ckpt_2 | 26     | 24     | 0.0009       | 0.0034      | 0.7500      | 0.0000       | 0.0000      | 0.0000      |
| ckpt_2 | 27     | 24     | 0.0009       | 0.0039      | 0.8750      | 0.0000       | 0.0000      | 0.0000      |
| ckpt_2 | 10     | 24     | 0.0009       | 0.0039      | 0.8750      | 0.0000       | 0.0000      | 0.0000      |
| ckpt_2 | 37     | 24     | 0.0009       | 0.0039      | 0.7500      | 0.0017       | 0.0405      | 0.0417      |
| ckpt_2 | 29     | 24     | 0.0009       | 0.0034      | 0.8750      | 0.0000       | 0.0000      | 0.0000      |
| ckpt_2 | 57     | 24     | 0.0009       | 0.0034      | 0.8750      | 0.0000       | 0.0000      | 0.0000      |
| ckpt_2 | 38     | 24     | 0.0009       | 0.0029      | 0.8750      | 0.0000       | 0.0000      | 0.0000      |
+--------+--------+--------+--------------+-------------+-------------+--------------+-------------+-------------+
