Combined Expert Risk Rank / up_proj

+----------------------+--------+--------+--------------+-------------+-------------+--------------+-------------+-------------+
| model                | expert | layers | mean_sig_col | max_sig_col | sig_col_inc | mean_sig_row | max_sig_row | sig_row_inc |
+----------------------+--------+--------+--------------+-------------+-------------+--------------+-------------+-------------+
| ckpt_20260521_103933 | 23     | 24     | 0.0001       | 0.0015      | 0.0833      | 0.0000       | 0.0000      | 0.0000      |
| ckpt_20260521_103933 | 42     | 24     | 0.0001       | 0.0020      | 0.0417      | 0.0000       | 0.0000      | 0.0000      |
| ckpt_20260521_103933 | 20     | 24     | 0.0001       | 0.0010      | 0.1250      | 0.0000       | 0.0000      | 0.0000      |
| ckpt_20260521_103933 | 55     | 24     | 0.0001       | 0.0010      | 0.1250      | 0.0000       | 0.0000      | 0.0000      |
| ckpt_20260521_103933 | 58     | 24     | 0.0001       | 0.0010      | 0.1250      | 0.0000       | 0.0000      | 0.0000      |
| ckpt_20260521_103933 | 52     | 24     | 0.0001       | 0.0010      | 0.0833      | 0.0000       | 0.0000      | 0.0000      |
| ckpt_20260521_103933 | 1      | 24     | 0.0001       | 0.0015      | 0.0417      | 0.0000       | 0.0000      | 0.0000      |
| ckpt_20260521_103933 | 8      | 24     | 0.0001       | 0.0015      | 0.0417      | 0.0000       | 0.0000      | 0.0000      |
| ckpt_20260521_103933 | 21     | 24     | 0.0001       | 0.0015      | 0.0417      | 0.0000       | 0.0000      | 0.0000      |
| ckpt_20260521_103933 | 47     | 24     | 0.0001       | 0.0015      | 0.0417      | 0.0000       | 0.0000      | 0.0000      |
| ckpt_20260521_103933 | 54     | 24     | 0.0001       | 0.0015      | 0.0417      | 0.0000       | 0.0000      | 0.0000      |
| ckpt_20260521_103933 | 2      | 24     | 0.0001       | 0.0010      | 0.0833      | 0.0000       | 0.0000      | 0.0000      |
| ckpt_20260521_103933 | 4      | 24     | 0.0001       | 0.0010      | 0.0833      | 0.0000       | 0.0000      | 0.0000      |
| ckpt_20260521_103933 | 7      | 24     | 0.0001       | 0.0010      | 0.0833      | 0.0000       | 0.0000      | 0.0000      |
| ckpt_20260521_103933 | 11     | 24     | 0.0001       | 0.0010      | 0.0833      | 0.0000       | 0.0000      | 0.0000      |
| ckpt_20260521_103933 | 14     | 24     | 0.0001       | 0.0010      | 0.0833      | 0.0000       | 0.0000      | 0.0000      |
| ckpt_20260521_103933 | 15     | 24     | 0.0001       | 0.0010      | 0.0833      | 0.0000       | 0.0000      | 0.0000      |
| ckpt_20260521_103933 | 17     | 24     | 0.0001       | 0.0010      | 0.0833      | 0.0000       | 0.0000      | 0.0000      |
| ckpt_20260521_103933 | 25     | 24     | 0.0001       | 0.0010      | 0.0833      | 0.0000       | 0.0000      | 0.0000      |
| ckpt_20260521_103933 | 27     | 24     | 0.0001       | 0.0010      | 0.0833      | 0.0000       | 0.0000      | 0.0000      |
| ckpt_20260521_103933 | 28     | 24     | 0.0001       | 0.0010      | 0.0833      | 0.0000       | 0.0000      | 0.0000      |
| ckpt_20260521_103933 | 30     | 24     | 0.0001       | 0.0010      | 0.0833      | 0.0000       | 0.0000      | 0.0000      |
| ckpt_20260521_103933 | 31     | 24     | 0.0001       | 0.0010      | 0.0833      | 0.0000       | 0.0000      | 0.0000      |
| ckpt_20260521_103933 | 34     | 24     | 0.0001       | 0.0010      | 0.0833      | 0.0000       | 0.0000      | 0.0000      |
| ckpt_20260521_103933 | 35     | 24     | 0.0001       | 0.0010      | 0.0833      | 0.0000       | 0.0000      | 0.0000      |
| ckpt_20260521_103933 | 41     | 24     | 0.0001       | 0.0010      | 0.0833      | 0.0000       | 0.0000      | 0.0000      |
| ckpt_20260521_103933 | 57     | 24     | 0.0001       | 0.0010      | 0.0833      | 0.0000       | 0.0000      | 0.0000      |
| ckpt_20260521_103933 | 5      | 24     | 0.0001       | 0.0005      | 0.1250      | 0.0000       | 0.0000      | 0.0000      |
| ckpt_20260521_103933 | 0      | 24     | 0.0000       | 0.0010      | 0.0417      | 0.0000       | 0.0000      | 0.0000      |
| ckpt_20260521_103933 | 3      | 24     | 0.0000       | 0.0010      | 0.0417      | 0.0000       | 0.0000      | 0.0000      |
| ckpt_20260521_103933 | 10     | 24     | 0.0000       | 0.0010      | 0.0417      | 0.0000       | 0.0000      | 0.0000      |
| ckpt_20260521_103933 | 13     | 24     | 0.0000       | 0.0010      | 0.0417      | 0.0000       | 0.0000      | 0.0000      |
| ckpt_20260521_103933 | 16     | 24     | 0.0000       | 0.0010      | 0.0417      | 0.0000       | 0.0000      | 0.0000      |
| ckpt_20260521_103933 | 19     | 24     | 0.0000       | 0.0010      | 0.0417      | 0.0000       | 0.0000      | 0.0000      |
| ckpt_20260521_103933 | 24     | 24     | 0.0000       | 0.0010      | 0.0417      | 0.0000       | 0.0000      | 0.0000      |
| ckpt_20260521_103933 | 26     | 24     | 0.0000       | 0.0010      | 0.0417      | 0.0000       | 0.0000      | 0.0000      |
| ckpt_20260521_103933 | 36     | 24     | 0.0000       | 0.0010      | 0.0417      | 0.0000       | 0.0000      | 0.0000      |
| ckpt_20260521_103933 | 38     | 24     | 0.0000       | 0.0010      | 0.0417      | 0.0000       | 0.0000      | 0.0000      |
| ckpt_20260521_103933 | 40     | 24     | 0.0000       | 0.0010      | 0.0417      | 0.0000       | 0.0000      | 0.0000      |
| ckpt_20260521_103933 | 44     | 24     | 0.0000       | 0.0010      | 0.0417      | 0.0000       | 0.0000      | 0.0000      |
| ckpt_20260521_103933 | 46     | 24     | 0.0000       | 0.0010      | 0.0417      | 0.0000       | 0.0000      | 0.0000      |
| ckpt_20260521_103933 | 48     | 24     | 0.0000       | 0.0010      | 0.0417      | 0.0000       | 0.0000      | 0.0000      |
| ckpt_20260521_103933 | 49     | 24     | 0.0000       | 0.0010      | 0.0417      | 0.0000       | 0.0000      | 0.0000      |
| ckpt_20260521_103933 | 18     | 24     | 0.0000       | 0.0005      | 0.0833      | 0.0000       | 0.0000      | 0.0000      |
| ckpt_20260521_103933 | 32     | 24     | 0.0000       | 0.0005      | 0.0833      | 0.0000       | 0.0000      | 0.0000      |
| ckpt_20260521_103933 | 39     | 24     | 0.0000       | 0.0005      | 0.0833      | 0.0000       | 0.0000      | 0.0000      |
| ckpt_20260521_103933 | 50     | 24     | 0.0000       | 0.0005      | 0.0833      | 0.0000       | 0.0000      | 0.0000      |
| ckpt_20260521_103933 | 59     | 24     | 0.0000       | 0.0005      | 0.0833      | 0.0000       | 0.0000      | 0.0000      |
| ckpt_20260521_103933 | 12     | 24     | 0.0000       | 0.0005      | 0.0417      | 0.0000       | 0.0000      | 0.0000      |
| ckpt_20260521_103933 | 22     | 24     | 0.0000       | 0.0005      | 0.0417      | 0.0000       | 0.0000      | 0.0000      |
| ckpt_20260521_103933 | 29     | 24     | 0.0000       | 0.0005      | 0.0417      | 0.0000       | 0.0000      | 0.0000      |
| ckpt_20260521_103933 | 33     | 24     | 0.0000       | 0.0005      | 0.0417      | 0.0000       | 0.0000      | 0.0000      |
| ckpt_20260521_103933 | 45     | 24     | 0.0000       | 0.0005      | 0.0417      | 0.0000       | 0.0000      | 0.0000      |
| ckpt_20260521_103933 | 51     | 24     | 0.0000       | 0.0005      | 0.0417      | 0.0000       | 0.0000      | 0.0000      |
| ckpt_20260521_103933 | 53     | 24     | 0.0000       | 0.0005      | 0.0417      | 0.0000       | 0.0000      | 0.0000      |
| ckpt_20260521_103933 | 56     | 24     | 0.0000       | 0.0005      | 0.0417      | 0.0000       | 0.0000      | 0.0000      |
| ckpt_20260521_103933 | 6      | 24     | 0.0000       | 0.0000      | 0.0000      | 0.0000       | 0.0000      | 0.0000      |
| ckpt_20260521_103933 | 9      | 24     | 0.0000       | 0.0000      | 0.0000      | 0.0000       | 0.0000      | 0.0000      |
| ckpt_20260521_103933 | 37     | 24     | 0.0000       | 0.0000      | 0.0000      | 0.0000       | 0.0000      | 0.0000      |
| ckpt_20260521_103933 | 43     | 24     | 0.0000       | 0.0000      | 0.0000      | 0.0000       | 0.0000      | 0.0000      |
+----------------------+--------+--------+--------------+-------------+-------------+--------------+-------------+-------------+
